2.804639962121778041e+01
6.090374508218273064e+01
5.519594937588434647e+01
2.335683532804862494e+01
3.520122166674540409e+01
3.436335498775864750e+01
3.663257245686529728e+01
4.411504382640780619e+01
1.849147785601380889e+01
5.760077160517054295e+01
4.370245771159805059e+01
3.479101487429770856e+01
2.968655215734450081e+01
2.208497694956756874e+01
3.772084743891176828e+01
6.249093530109414729e+01
1.581888094412884271e+01
3.407874520665288998e+01
2.573807985193298720e+01
3.359839516517818225e+01
3.634946214068427395e+01
2.632361281761138372e+01
2.789489887978936622e+01
5.622899564925865512e+00
3.821000338174503241e+01
3.055594748295519736e+01
6.346158525688819196e+01
2.694048627009738794e+01
2.511231610864550845e+01
4.312215370811097870e+01
3.968367551920156444e+01
5.927140673495532752e+01
4.550790089397859361e+01
9.297713484606653367e+00
2.797832066710791565e+01
1.349014313703344925e+01
1.907248772103950074e+01
1.980072761910015089e+01
2.298767191854106073e+01
2.658546734468720985e+01
3.278588587301576496e+01
3.320484193796583128e+01
4.092875259724448966e+01
3.543344697018932976e+01
2.227568609570111136e+01
4.841413133884683617e+01
3.576302399924848174e+01
1.666056905091270579e+01
2.460960760463027697e+01
3.422343754124765525e+01
3.569550862117328194e+01
3.192070615084995922e+01
2.854876259877071476e+01
4.461058016298009221e+01
6.298570256329933414e+01
2.910573381915620672e+01
2.910409413561942671e+01
4.063125893658170895e+01
2.717975650446312130e+01
4.063637316489192841e+01
3.986714251308146828e+01
2.634814197062744512e+01
4.469165004517501671e+01
3.643159148801542102e+01
6.519538197234700760e+01
3.845912948744066995e+01
2.655059668136755846e+01
3.619184927349429159e+01
4.001412270748094357e+01
4.937162213023041346e+01
2.891017638208237628e+01
2.794556192646059145e+01
1.969023607423699929e+01
2.260232174260000448e+01
3.317857561030698577e+01
2.579572348882130051e+00
1.855338329011176057e+01
3.591926279900233254e+01
3.894610777946358127e+01
5.541710315101759221e+01
2.817464993373472026e+01
1.815354346386227036e+01
2.679956497750445266e+01
2.469284299293213536e+01
5.256988733776811529e+01
4.195301758143032345e+01
3.382374826530261913e+01
7.094261289289394767e+01
2.128893026640762542e+01
3.767690541694893369e+01
7.193020373722339400e+01
2.419713660771888186e+01
4.997809582309518106e+01
3.203811481463899469e+01
2.669237155742141709e+01
3.148240282705010173e+01
6.380952152040007519e+01
6.769298768946740097e+01
2.404289417140598317e+01
6.260398146664079455e+00
2.315250621470790549e+01
6.207844161718995935e+01
4.116390101036675020e+01
2.852444999106763390e+01
2.627092105849070691e+01
4.564905300201704819e+01
3.725119232757462129e+01
3.467548985872756617e+01
3.313655979228813209e+01
6.280340058207406706e+00
3.170095195145086819e+01
2.807342542379635830e+01
6.285682104476655319e+00
2.187976222223992551e+01
2.569670088706858024e+01
2.149198956780802661e+01
3.661912757900629600e+01
3.230717108181537611e+01
7.458072203368039332e+00
4.393446489600871274e+01
4.408011313216736227e+01
4.595817284266352232e+01
2.808841456089280797e+01
4.148151480271472025e+01
2.524128708460643367e+01
3.129396302226061977e+01
4.123523470930664558e+01
3.174502870097544616e+01
2.726777259432771672e+01
2.322301934782141331e+01
4.587094342651361245e+01
2.717549757903899632e+01
5.627645961727612445e+01
7.287815091021025182e+01
3.697072956668527155e+01
2.803125883835449628e+01
3.731084750617689139e+01
4.694744195936184639e+01
2.291989268998694484e+01
3.855984162256820724e+01
2.193986793706731220e+01
1.415087778204071611e+01
3.101703403096133371e+01
2.646454040662784024e+01
2.979124649318132612e+01
4.837000281596693263e+00
3.851129118173177091e+01
3.317514984838499714e+01
4.305662244294385488e+01
5.364747420470516914e+01
3.266944863411189459e+01
3.439047161937718755e+01
3.114073583391925837e+01
2.967140716974308390e+01
3.726550235873967409e+01
4.572462269874754526e+01
7.064262225499678038e+01
3.192522753481620867e+01
4.105559650179143460e+01
7.324140693788993417e+01
1.638566629562181021e+01
3.892102016241401685e+01
5.694765695621513402e+01
5.786247554192514286e+01
2.935453680133223742e+01
6.188912991470355252e+01
6.598342395546015382e+01
4.039416706608992769e+01
3.153726784460628352e+01
6.519786541034395100e+01
2.336372379452817682e+01
3.541934777626165243e+01
2.464116273298987636e+01
3.777413528259624087e+01
4.930040847160709205e+01
1.738143023787467456e+01
5.628776050481830140e+01
2.255426853072376758e+01
1.434460497936786538e+01
6.309025019947092083e+00
2.870736013331541159e+01
5.622745431308315034e+01
4.310895880803773395e+01
3.357662870556769263e+01
2.820271648082971438e+01
3.863736004168649885e+01
4.923887526713676976e+01
-2.382170312722218242e-01
3.099393119082871095e+01
3.689329585581513271e+01
2.407001718986740713e+01
2.182761651578255879e+01
4.108888527090542908e+01
7.527651419687882139e+01
4.244570009031387059e+01
7.332146304726589392e+01
3.319008906752430477e+01
5.657422410691007286e+01
3.354902641562674859e+01
2.960410753486903701e+01
4.747918410160966829e+01
2.718856348374217902e+01
2.456718284308374933e+01
3.320187185176678923e+01
3.180319387164224310e+01
2.095447175450372157e+01
2.915214200183033455e+01
1.845641217990260685e+01
1.332663255864347462e+01
2.352377740453969324e+01
1.941698753106901876e+01
3.665236180161316071e+01
3.008395825111481514e+01
3.043545621677433388e+01
4.268579667828513635e+01
3.970745482344555199e+01
4.224433974692866656e+01
4.602935036446351802e+01
3.180663585254584547e+01
1.948433608619394164e+01
2.178107037304597071e+01
4.410927563156625553e+01
3.277489936959023709e+01
3.411115831492165995e+01
2.699190881105389650e+01
3.839816356506677408e+01
3.004793172002710122e+01
2.125616647261950476e+01
5.844605348794258504e+01
3.566202810174608118e+01
3.073897157225648158e+01
3.162708249556400375e+01
3.142302971968823755e+01
2.489643168527548056e+01
2.151321733970232941e+01
3.389264571193130138e+01
3.853280349475722488e+01
2.859054826027006158e+01
2.453559939992459960e+01
3.721894845299252808e+01
2.492043273073623055e+01
2.166510655767687155e+01
4.598629888146613354e+01
2.562934383749925615e+01
2.729461086427853189e+01
3.903422851330774535e+01
2.799647041449723162e+01
4.149241853056211227e+01
4.117125235070270861e+01
2.719441602549631654e+01
3.927563426330787166e+01
2.099944153158347859e+01
2.187246280635122986e+01
5.868638158603116750e+01
3.971570748953011076e+01
2.576254675758946888e+01
3.851485391885032783e+01
1.902528275015728099e+01
3.357777543335877368e+01
2.929518405615414878e+01
1.994878951446535353e+01
3.654358870364703904e+01
4.009511176531672305e+01
3.194140739116944161e+01
2.125686000005575949e+01
3.877736804485622457e+01
2.424690309275900546e+01
5.566957093249019550e+01
5.936255927804283061e+01
6.238129772955020513e+01
2.908125501043225114e+01
2.884285480992017625e+01
3.701446994055815054e+01
1.499361838002588598e+01
3.806360034802717252e+01
6.813408603856692558e+00
2.694916453627096331e+01
3.305332416868774459e+01
5.208929798477036144e+01
2.273515011801672614e+01
4.285206660743589424e+01
5.358272854487686487e+01
2.980156135263172956e+01
7.217876384099418452e+00
3.939217518820368724e+01
2.953907171833865419e+01
2.690999472854876018e+01
3.828343290782445507e+01
6.797926343871640142e+01
3.767974396945229643e+01
3.715260343555085143e+01
4.049975057396395783e+01
4.746772950776256295e+01
2.363045158010687175e+01
2.799822421796486793e+01
5.572461609648238579e+01
3.528647071604823537e+01
3.810148015231656160e+01
3.010604771109658628e+01
1.597030023990777892e+01
2.553516621047072732e+01
4.022040496598427950e+01
3.824812695476735058e+01
3.791133353141325557e+01
2.901905573775460567e+01
4.745013308501373928e+01
3.294126141165978794e+01
2.515026108255577952e+01
4.238005657191670394e+01
2.910620166813570364e+01
2.279449215473781720e+01
3.270433325412177084e+01
5.521033428454894221e+01
5.710936479407124722e+01
3.107284231237876071e+01
2.838870944720029144e+01
2.526986326206961309e+01
3.825269130718994148e+01
5.045092364368608884e+01
6.646503304023744363e+01
2.402611179307539402e+01
2.316201923231407278e+01
8.860255704453358305e+00
3.841286872641246219e+01
4.713888651622509229e+01
2.959760184778847503e+01
7.805407797531987057e+01
5.107687014811367732e+01
4.062948363663955575e+01
3.334295374494221420e+01
3.021742353002046144e+01
6.379701041281843032e+01
4.585984010515918641e+01
4.477195063837266531e+01
6.306646278095593772e+01
4.195905036230048069e+01
5.483387530479061667e+01
3.011071787868221605e+01
5.367326250606416949e+01
6.324668390676655605e+01
2.705238921770703797e+01
2.417149931235449145e+01
4.394730887600176317e+01
3.311811501743975583e+01
3.338342969728953591e+01
3.119089539867693617e+01
2.370457395020040536e+01
6.107509515155530977e+01
2.910629623829621693e+01
3.310124984764710376e+01
4.589702714152489449e+01
1.847529424806769072e+01
3.375964975673881696e+01
4.496359489047879521e+01
2.374985225305838554e+01
2.507525037057678929e+01
2.917538426427950782e+01
7.529485354188671486e+00
3.827901974691736342e+01
4.338902825724725432e+01
3.541181298847389058e+01
4.128769381812740136e+01
2.275591183065777301e+01
4.219576482838804310e+01
3.627601088265803497e+01
2.290756520280323372e+01
5.840708887342606914e+01
2.199772150259253323e+01
2.849927080513223387e+01
5.866909989545062132e+01
1.909534985552179620e+01
4.863830612186550439e+01
2.140915108302690584e+01
2.729393101764197382e+01
4.145703068010312187e+00
3.746853538346247348e+01
2.823182433477079911e+01
3.506438050885046920e+01
2.241517560708340540e+01
4.073371684994217645e+01
2.608777984975447595e+01
2.650828778781207262e+01
1.524196215845231706e+01
2.597878363948772318e+01
4.679031673945255676e+01
6.522942410703146265e+01
5.381421010997596710e+01
4.087066958837164776e+01
4.551696609746145583e+01
2.171841201267614707e+01
3.699565812251038466e+01
2.789379699765405718e+01
2.515125680423953014e+01
3.036929534106366901e+01
5.748667497097000734e+01
5.462880916872246218e+01
4.269849303680587838e+01
2.122490106414094413e+01
2.992966309059188035e+01
3.794844096304993997e+01
4.687244039375688232e+01
4.620206560121076933e+01
4.215425653661672101e+01
3.401192656509497425e+01
3.000810739214202982e+01
1.882041503167148022e+01
3.725361496844653431e+01
6.052603538671491634e+01
2.420635570573873707e+01
3.124711675954311119e+01
3.926717354526201831e+01
4.025406762453091147e+01
3.822556561692457677e+01
4.461549819317284715e+01
2.199182504467987798e+01
2.690633632843518086e+01
3.019569341423929387e+01
3.043408084947444792e+01
3.374360744661297673e+01
2.753503918699963293e+01
1.790059003855473208e+01
2.137328204980637025e+01
1.823986576347392230e+01
4.286607653311930477e+01
4.693963926179967672e+01
2.708905659450108061e+01
3.379485504890104863e+01
1.887306581886586088e+01
1.604198865474331370e+01
3.384118001909556739e+01
2.512100104731658945e+01
5.513341605247180865e+01
3.343792085441319983e+01
1.670748313811260033e+01
4.724025444119033779e+01
3.222704301339553545e+00
3.217290668901868145e+01
6.594801988980418628e+01
2.663047581596035940e+01
2.432305328110127363e+01
3.132351673146778381e+01
2.792356672781640015e+01
1.798587739057118284e+01
2.104657517746174022e+01
4.104343110762776092e+01
2.737669805768835118e+01
5.205236078842441572e+01
1.471374529905131823e+01
3.092655018131998901e+01
3.516120443648103588e+01
4.003890130069371622e+01
4.401979440059378845e+01
2.145177292054172113e+01
6.667488535440841702e+01
2.266816523477761081e+01
4.194496129054071076e+01
3.183011920776758785e+01
2.597618009535663219e+01
2.166093758193753871e+01
3.220873897527659580e+01
2.738168535724171448e+01
2.304791483004087382e+01
3.660504076264081874e+01
6.888699825683579547e+01
4.027829562573428035e+01
4.879619986939875531e+01
2.563557245082532887e+01
3.107609164275360314e+01
4.831875496064206033e+01
5.866262361427286720e+01
6.908571989370770439e+01
4.231962572765812780e+01
4.408168549628690158e+01
1.567290558395800559e+01
4.982317513603445747e+01
5.332818397217054240e+01
2.117779004095093143e+01
3.113216053436580211e+01
1.489382302117056867e+01
2.986984849686854915e+01
4.493796039240798024e+01
4.981937340110054180e+01
4.802739501110048792e+01
2.045311377104483341e+01
7.537091205061352639e+01
5.001088522999229014e+01
3.045524073357277217e+01
2.301578175268137016e+01
1.096737852760967513e+01
4.319847604526709262e+01
2.925535998251999814e+01
2.876050393131763627e+01
4.776662611076503850e+01
4.393112395207314336e+01
3.657309334549538704e+01
2.734554484802752228e+01
3.967944536884997575e+01
2.820653809451690819e+01
2.748906350988679748e+01
3.737371823240236068e+01
