2.752673457109701971e+01
7.285743717353868476e+01
4.925883316314191518e+01
2.164109993750225769e+01
3.473664879802075234e+01
3.152080762667730696e+01
3.359300386515631942e+01
4.247751276182248148e+01
2.251727490441042789e+01
5.475626252902783619e+01
4.325459183089267867e+01
3.459099981921180245e+01
3.336404691144809931e+01
2.920645109427821851e+01
3.816114872539600356e+01
6.123016491259279803e+01
1.796279845998293467e+01
3.564573991696929056e+01
2.662649422728405924e+01
3.254896194967882650e+01
3.246740084687019134e+01
2.855248199288417865e+01
2.357079546399542025e+01
8.282748134010352814e+00
3.466761999607852829e+01
2.282629777829877327e+01
5.382728417590958259e+01
2.165127566452940044e+01
1.922460232588674600e+01
3.790748860329225067e+01
4.382385937948370724e+01
6.557638617103093281e+01
3.572461759364608724e+01
1.374177268429549059e+01
2.646402745441734794e+01
1.449583094630008340e+01
2.450599302561275650e+01
2.077113758492355444e+01
2.430361331412058590e+01
2.148729111193653551e+01
2.796586542302550882e+01
3.349685814601934908e+01
4.210230847947609334e+01
2.810814406240759666e+01
2.811022868792316487e+01
4.744772687006893364e+01
4.230014415272283657e+01
2.393447134035562485e+01
1.990458698080541566e+01
3.332125529799118624e+01
3.551680487762347127e+01
2.879800276938095394e+01
2.854301242082397039e+01
3.704807668476237836e+01
5.372776583284669982e+01
3.977172247393835391e+01
3.009513249913955590e+01
5.187878710272416072e+01
2.646616561639195098e+01
3.735333584864110890e+01
4.108528070831482637e+01
2.524823107745573836e+01
4.497809113504531808e+01
3.815038536111934775e+01
4.718540208695795002e+01
3.852449380731066952e+01
3.089699461904973177e+01
3.094701023252224914e+01
4.739607517574211215e+01
4.317146444322622756e+01
2.923356304687124307e+01
2.759983486165127786e+01
2.318596508134580603e+01
2.375899032136283395e+01
3.383159777545921543e+01
1.332699656709012359e+00
2.367393042377678825e+01
2.549278279093945088e+01
2.953184895763504514e+01
5.217020922139907668e+01
2.873817658623940829e+01
2.240368063109273322e+01
3.227525352344879650e+01
2.450458704799977383e+01
4.241409523935629977e+01
4.043175825829841585e+01
3.650162862428580013e+01
5.736526213715237077e+01
3.334894000379431134e+01
3.253496395647677275e+01
5.425756688510894321e+01
2.037509931856457968e+01
4.157023989664295982e+01
3.570251036403435307e+01
2.462795501401375375e+01
2.637522378674825774e+01
4.384104638887988870e+01
6.737844381595675713e+01
2.609127384136935390e+01
1.083720976981555850e+01
2.624689555840771860e+01
5.569389956287648147e+01
4.506882544655039169e+01
3.031106690600062947e+01
3.049605220302024478e+01
4.676486036727125395e+01
3.354685954553831095e+01
2.909776198964677008e+01
3.387784735903586864e+01
1.399090324802200591e+01
2.475939108104125808e+01
3.201429707816332382e+01
6.922790219316906857e+00
3.411581019681081273e+01
2.488345901508263580e+01
1.864239880773236990e+01
3.712236755978167935e+01
3.158105432184553862e+01
1.553947641041834160e+01
4.220459228309820787e+01
4.087366755679572350e+01
3.999389640852365346e+01
2.192630423079366153e+01
4.619312879008049322e+01
2.760504859645226006e+01
3.517408244236001735e+01
4.541548067877458550e+01
3.143465858007360225e+01
3.066653793450498355e+01
2.815300819043367042e+01
4.212935932484519697e+01
2.725392291575207082e+01
5.462430487101924825e+01
6.727057375974678166e+01
3.497322083125337144e+01
2.675723343726522785e+01
3.726690711078737195e+01
3.697605979005055588e+01
2.298116667046202011e+01
3.379473163628986754e+01
2.562663648383903237e+01
1.438047886513612816e+01
2.883954588277410735e+01
2.825918067145813239e+01
2.392552394412304650e+01
1.132646896637974976e+01
3.805949787210765578e+01
2.889442829636383436e+01
3.750819612523552848e+01
5.384990067873597752e+01
3.179559436162339381e+01
3.207352918635385208e+01
3.060017527523134007e+01
2.378166560399241192e+01
3.774720981931768904e+01
3.771480365921131295e+01
6.497839532696855258e+01
2.867749507686795596e+01
4.171595255928623658e+01
6.254923213562403816e+01
2.022004131743997490e+01
3.769426137476305883e+01
5.362722916639057757e+01
4.995696306032290579e+01
2.124759087698696902e+01
4.949457916277341951e+01
7.430437808532410315e+01
3.999677815679324056e+01
3.046788476710536386e+01
7.154020188122863999e+01
1.902127291507967399e+01
2.227259645012759748e+01
2.090536775704586958e+01
3.649338792659283115e+01
4.481571235672794273e+01
2.259486618711657613e+01
5.633027770344786234e+01
2.369003081183702264e+01
1.856861411584957011e+01
7.745406110704102787e+00
3.044445849115300362e+01
6.123275558358038495e+01
4.087138198530280420e+01
3.176506882303795010e+01
2.669692879344371050e+01
3.820174088914721011e+01
4.198711775919448996e+01
9.493034837415390115e+00
2.732710173479723537e+01
4.057907382514693495e+01
2.764624406377258126e+01
2.407277833380854659e+01
3.685579992862294318e+01
7.377463770487095474e+01
4.857542873221372304e+01
6.230203215921316939e+01
2.740258730446298685e+01
5.228265489131321431e+01
2.828034719196472935e+01
2.801869267711890288e+01
4.151662465754463938e+01
3.152707506739196930e+01
2.759903198834405558e+01
2.810411968251922943e+01
2.754694200894538980e+01
1.824315532930016559e+01
2.876340343396060817e+01
2.029957085888849377e+01
2.480019141282066641e+01
2.705537425252663652e+01
2.361428459011439784e+01
3.066827635583634759e+01
4.044954170938052584e+01
2.483820211903008612e+01
4.281130738429901328e+01
3.668173246589605441e+01
4.007819326216198874e+01
4.665717731119491418e+01
3.044822103811513614e+01
2.480957946334977393e+01
1.882888587786636947e+01
4.460631251493109062e+01
3.547798053323973022e+01
3.726420905921348492e+01
2.940233658441866993e+01
3.406553857066286639e+01
3.564952894995509780e+01
2.436549411655862585e+01
5.613434457524802212e+01
3.661262411861677180e+01
2.887701586987290625e+01
2.917786189747670278e+01
3.275714661901299252e+01
2.665184903263739358e+01
2.092788734707873033e+01
3.652001992081046211e+01
3.651283651579596778e+01
3.159931700566521684e+01
2.704339497565292660e+01
4.058839078485753760e+01
3.175691105485182320e+01
1.729171316406880266e+01
3.885874912615675214e+01
2.578073840413032869e+01
2.466662858398161617e+01
3.868696041407213215e+01
3.268683006782165990e+01
3.967780814437979586e+01
3.497656707442999391e+01
2.368435355711331525e+01
3.127240183094825454e+01
1.923607209171201049e+01
2.473357667081115707e+01
5.248023158477856498e+01
3.628797307233860181e+01
2.723210745985172920e+01
3.501816122783445451e+01
1.818579936685325293e+01
3.559697292526226420e+01
2.884224183730120572e+01
2.400965921781613943e+01
3.700649852680450635e+01
3.273094230217540002e+01
2.628228879648814242e+01
2.652894032924065115e+01
4.078951034142683341e+01
2.193877830395817341e+01
5.513735737870526066e+01
4.508912802982982271e+01
5.542488644063907088e+01
2.563438883902155752e+01
2.904796673994134437e+01
3.983557107555559185e+01
2.184779795828235649e+01
3.895528195536660121e+01
5.226412564956896212e+00
2.899015036168522030e+01
3.316583716900157697e+01
5.387899254090535806e+01
2.462703907161864336e+01
3.353223134716888865e+01
4.772411424652190703e+01
2.800741075961349225e+01
-7.020544646307680381e-02
3.542021761741466435e+01
2.533462575118054616e+01
2.165666860001050864e+01
2.993606501895825645e+01
6.687765153470836310e+01
4.041580224474388672e+01
2.766070359111544263e+01
3.474722173176445494e+01
4.132631415621230531e+01
3.088925225335855274e+01
2.352518552285109976e+01
4.725997113609770395e+01
3.806845739208839063e+01
4.060097314765485521e+01
2.763067839206066267e+01
2.091283532396224842e+01
2.303222861822968781e+01
3.813686977885505769e+01
3.691872161640525718e+01
3.306105350189635317e+01
2.414415717890535618e+01
4.541577999011613542e+01
3.028438642909533129e+01
2.980270666107795918e+01
3.805562749875232953e+01
2.744756832875185282e+01
2.336991045965495672e+01
2.989564161593026270e+01
4.491995181380949020e+01
5.604638107499120281e+01
2.757321372196496156e+01
3.109480474859474697e+01
2.353666546250838465e+01
3.076887281808550156e+01
5.758769653621969553e+01
6.525415883163216790e+01
2.916826151036745784e+01
2.792766243100905044e+01
8.333757524562585672e+00
3.418594587198151658e+01
4.183987846058839466e+01
2.605846750601916639e+01
8.080573095074707624e+01
5.492117669036395000e+01
3.576521723874465408e+01
3.388731581367800061e+01
3.427229930867800078e+01
6.408747494178528825e+01
4.442214723224670081e+01
4.111436962829873210e+01
5.042263027715836188e+01
4.546242127502891606e+01
5.238502217417588724e+01
2.889499360516341753e+01
4.284499929997465983e+01
6.448119751735319483e+01
2.947671427218346807e+01
2.921670502989134022e+01
4.228667232317125979e+01
3.411253334514842095e+01
2.755150554878159141e+01
2.775681924200934603e+01
1.998327494698805396e+01
5.835114078384870595e+01
3.071920125356034603e+01
3.219334684345842845e+01
4.292394350729387043e+01
2.125643157072927991e+01
3.322839887163001293e+01
4.074830292695349954e+01
3.146366418008851085e+01
2.315107500602494284e+01
2.453194033274442987e+01
-5.715487628553361787e+00
3.331570486661098585e+01
4.414621705789980410e+01
2.620191845144406173e+01
3.429381158966674548e+01
2.893194605333856373e+01
3.625269924848494441e+01
4.131410674044968800e+01
2.420974248406308860e+01
4.681909912995571688e+01
2.795545989317811575e+01
2.784222607803808813e+01
5.046699874901823080e+01
1.676554071223842612e+01
3.751063166060549747e+01
1.715558477386258218e+01
2.857389720203664041e+01
7.205756065068335658e+00
3.485489329397751135e+01
2.868039164396937579e+01
3.634089672524635262e+01
2.641562822405175126e+01
4.480087631836333628e+01
2.372789407996997824e+01
2.927784348335756803e+01
1.927931128161801055e+01
2.157797572267939401e+01
4.308334367266738241e+01
7.154462137577505132e+01
5.595611575649124347e+01
2.913159093527329091e+01
4.874912457061169846e+01
2.485539918518871261e+01
2.998035603207120303e+01
2.750419785917910431e+01
2.133507664375800772e+01
2.621449804704828423e+01
5.200476556389914151e+01
4.498270652381582124e+01
3.249534314922487965e+01
2.011034528141433952e+01
2.406277647585892154e+01
2.748040796236239913e+01
4.121078914742749078e+01
3.781045032635624636e+01
4.039018141339087720e+01
3.452119021800669429e+01
3.203045908549214005e+01
2.518255633926850479e+01
2.753913958365572157e+01
6.166357048118584316e+01
3.084128025042927490e+01
3.281600648296510769e+01
4.051681875293924406e+01
5.294066930164252938e+01
3.433404388933266205e+01
3.889024750124114860e+01
2.153586348943403550e+01
3.103705845864306312e+01
2.545014370288329886e+01
3.443355069607508767e+01
2.829488068532420186e+01
3.098684969450041748e+01
2.802981986860670460e+01
1.984506472630604890e+01
2.020975667722311542e+01
4.446998978695755511e+01
4.164926137503557868e+01
2.491425183290352763e+01
3.238238217629462667e+01
2.071506501671730760e+01
2.064971697670836903e+01
3.125319837416583368e+01
2.452200578526708341e+01
5.925301500107821084e+01
3.689275422924768577e+01
1.965465319998788729e+01
6.026187119177436102e+01
6.899365822910608514e+00
3.829231502787826003e+01
5.842698607479286466e+01
2.432168251959273775e+01
2.597566766966616925e+01
3.251239487942841322e+01
2.709134305334681869e+01
1.610743291862147331e+01
2.755076271352949036e+01
3.458715721554928280e+01
2.662831423038367618e+01
4.473361307947281773e+01
1.641886382267757583e+01
3.013363010381613805e+01
3.360009479012326494e+01
3.512456422155761970e+01
4.155570292642336483e+01
1.874009376560071516e+01
6.537441288835992736e+01
2.565627861281538102e+01
3.646733835872797158e+01
2.069499298481472493e+01
3.352497131672110697e+01
1.977571847697041818e+01
3.203687902016602607e+01
2.302714216168422112e+01
2.350008010006506609e+01
4.094857886042493078e+01
6.814964730517479552e+01
3.995700117678393326e+01
3.919436327730777236e+01
2.310965235676403395e+01
3.159947941406009519e+01
5.343640641387338519e+01
5.394169236548935942e+01
8.036881492140057048e+01
3.532587219860314320e+01
4.679427215066819201e+01
2.009664270124189400e+01
4.603710924690612671e+01
5.236012919167517055e+01
2.088154196593372092e+01
2.862135961533511264e+01
1.243748888768896776e+01
3.093998359395828501e+01
4.264848551141847111e+01
3.956257888238506837e+01
4.837517177071232766e+01
1.678889903443845810e+01
6.769571687692203454e+01
3.964969468550449960e+01
3.035726164238612412e+01
2.281826115584682313e+01
1.513999473633231752e+01
4.219489355048267498e+01
2.775648047212286329e+01
2.498054340243572113e+01
3.895922327837010357e+01
3.952118623835373512e+01
3.557707993518623368e+01
2.896464254828121554e+01
3.820572430136205355e+01
3.107434410521041812e+01
2.431822922663521069e+01
3.626811682031797091e+01
