2.714558449607964619e+01
7.347474454661606558e+01
4.775437641132607780e+01
2.223806830759060560e+01
3.465339682003148880e+01
3.278291928698373425e+01
3.515490333714905802e+01
4.207645992351280739e+01
2.215667805823530756e+01
5.510025296134636363e+01
4.370234509982336846e+01
3.510394693173072511e+01
3.329742888306550697e+01
2.930419373650314441e+01
3.774136855173620830e+01
6.231260959361070917e+01
1.806817031231936355e+01
3.642200894233044295e+01
2.697819567416953390e+01
3.361269181059144273e+01
3.255594003739053477e+01
2.964141506016203920e+01
2.497834945409384488e+01
8.329297929478762796e+00
3.619804725718305605e+01
2.324145418080683001e+01
5.604261152021503989e+01
2.199959887801638203e+01
1.858055353697154999e+01
3.930344237788111883e+01
4.375849987205670999e+01
6.396353917912290399e+01
3.548988457427070387e+01
1.341041109172601509e+01
2.696658245830536771e+01
1.451989347555348076e+01
2.431105249548479463e+01
2.195186917065323229e+01
2.411671093388828879e+01
2.152944025954716167e+01
2.656627018638335258e+01
3.207829307440596267e+01
4.206580261915926400e+01
2.980949364918838995e+01
2.760598493142699894e+01
4.886683139501320028e+01
4.215366918725039369e+01
2.429195201957215744e+01
2.009518418330039324e+01
3.478296310012653692e+01
3.623866016074888563e+01
2.829332070085344952e+01
2.767837909288618192e+01
3.776589522036471891e+01
5.596492651829849052e+01
3.913086448637105974e+01
3.040984002845572576e+01
5.187710848554355181e+01
2.688312538317754985e+01
3.867509388135624704e+01
4.261943119021955795e+01
2.483650469389568372e+01
4.445171944551980658e+01
3.796560715311559164e+01
4.920104174167698119e+01
3.959240339950810750e+01
3.104453123313831497e+01
3.151935055775674144e+01
4.725193425482595444e+01
4.444430663733155029e+01
2.840700763334687551e+01
2.723059032611929098e+01
2.315957012566454409e+01
2.396498987822313609e+01
3.200141244736718704e+01
2.625103532797147032e+00
2.375584426456788378e+01
2.807389353514745522e+01
2.962206734540356479e+01
5.385220731170953457e+01
2.960140753163230443e+01
2.298835004266138426e+01
3.282171580145615053e+01
2.389706167492612821e+01
4.314184413356552028e+01
4.130439130306459816e+01
3.733340793238488686e+01
5.800824584437225440e+01
3.321736219048876393e+01
3.255482710980855643e+01
5.481457541919389342e+01
2.144224024451866129e+01
4.230077696149934496e+01
3.740582044186011501e+01
2.478533227121641858e+01
2.796561441066420173e+01
4.710422863704979335e+01
6.782799865504141223e+01
2.602954790772435700e+01
1.049402893764795763e+01
2.799754502568177728e+01
5.510591678260335158e+01
4.383173298856198841e+01
2.986297169892647929e+01
3.181831156131582716e+01
4.606019376647157060e+01
3.438298256377924389e+01
2.822726410845450573e+01
3.433807146760191387e+01
1.397367476735649561e+01
2.460101921720453433e+01
3.295997482242678700e+01
5.356388000987037934e+00
3.360213781819044954e+01
2.486568485774408543e+01
1.897953679368389857e+01
3.771545855476274056e+01
3.112067575414344844e+01
1.450818652266326936e+01
4.504958837751892275e+01
4.195330811690192263e+01
4.146415695433388038e+01
2.248997321725867948e+01
4.624034729194922022e+01
2.834350332309060860e+01
3.674395494820287666e+01
4.545740588322956199e+01
3.240947921796303177e+01
3.067651055683057137e+01
2.707826043126471305e+01
4.320181149072511317e+01
2.791434360450994134e+01
5.402375002966694950e+01
6.692416875440099489e+01
3.525137911802677593e+01
2.741191224202439258e+01
3.811955795285884108e+01
3.888879939838158606e+01
2.341438899468907664e+01
3.519095009942472529e+01
2.586154015495670677e+01
1.410885959301405279e+01
2.912510973408702242e+01
2.825815658597203139e+01
2.507847615202935287e+01
1.115779353777326932e+01
3.807464360449637297e+01
2.977484149584486062e+01
3.982895771509596727e+01
5.253804259478807381e+01
3.184091947320067817e+01
3.238243797594014239e+01
3.080504941152311460e+01
2.448992433287876125e+01
3.845742420050550692e+01
3.901479651113393743e+01
6.613155525833360571e+01
3.053403465580512233e+01
4.339673153722077359e+01
6.469087927305508856e+01
1.991199780539974640e+01
3.844173616296482265e+01
5.487442274875676418e+01
5.218391796507662406e+01
2.159589823047064527e+01
5.203152813206447291e+01
7.426468996220449981e+01
3.855450358373040132e+01
3.079254569327930113e+01
6.863769049463600425e+01
2.048029750857385523e+01
2.212089986715942658e+01
2.048773623172498759e+01
3.805646929301978787e+01
4.537818958221622268e+01
2.281579030043685208e+01
5.606254559785961078e+01
2.345348365026580950e+01
1.892931963305164800e+01
6.516097441906338439e+00
3.098965827089491398e+01
6.274847032572237282e+01
3.939886449215271824e+01
3.139110283392133383e+01
2.609101114322016457e+01
3.954688360631285349e+01
4.175067367888604508e+01
9.426656785786857284e+00
2.689264484482257700e+01
4.162092376502403823e+01
2.797141746204017210e+01
2.508486048626860310e+01
3.771614131350420251e+01
7.275483762450235758e+01
4.695107137382937168e+01
6.226378288268112016e+01
2.907259908696283901e+01
5.174726261018395945e+01
2.943510346471428818e+01
2.817278419908903686e+01
4.259734332283523628e+01
3.175424136045614176e+01
2.763064067343302099e+01
2.917207923421536364e+01
2.736097026296015500e+01
1.882520913073475555e+01
2.893396113826417348e+01
1.994965696123547971e+01
2.474239049736453211e+01
2.750101555363655592e+01
2.586329967392541107e+01
3.206537896848914215e+01
3.969062102765827404e+01
2.577063071922942683e+01
4.316391581070016770e+01
3.583469976225289599e+01
4.061243145454586312e+01
4.707758943976393340e+01
2.982242034288533716e+01
2.463031777521985077e+01
1.826217658518375231e+01
4.426438296135088279e+01
3.602343405884073491e+01
3.851933883616804621e+01
3.083437903062340979e+01
3.597417106406947340e+01
3.583188625582629783e+01
2.502256230514512225e+01
5.696050231965853783e+01
3.838335702365740332e+01
2.959144177821639232e+01
2.961334115465022521e+01
3.326961115875550234e+01
2.575963057104452503e+01
2.142048595445273307e+01
3.784944607529867255e+01
3.746527827498951524e+01
3.053615636391980104e+01
2.680515112577699099e+01
4.084916103482665761e+01
3.149703775365321690e+01
1.653847858719130670e+01
3.987972990620554725e+01
2.580177577223269836e+01
2.438342257435045468e+01
3.920989995879008205e+01
3.371063504834699387e+01
4.016267153509985377e+01
3.533828722870095618e+01
2.454743090262653737e+01
3.195244619090269822e+01
1.893481126365352907e+01
2.464592624267728382e+01
5.231164819958303980e+01
3.803299006311393526e+01
2.628965879635735092e+01
3.559983714685829881e+01
1.725666514744640168e+01
3.461800771604739424e+01
3.137735644292661874e+01
2.415354272418665715e+01
3.754669055239541109e+01
3.408941092307094323e+01
2.614355637977676139e+01
2.580710675713820024e+01
3.969416171110098901e+01
2.212780083510406115e+01
5.481737409468203026e+01
4.726920813542727018e+01
5.709143614273576617e+01
2.611070539039874916e+01
2.831354868851636297e+01
4.040434326384509944e+01
2.228974693458395961e+01
3.966473851730703615e+01
7.518039224754487826e+00
2.803315806136786392e+01
3.316850357006723726e+01
5.503119423138409161e+01
2.508293420559646592e+01
3.578202398984683441e+01
4.860721679790773209e+01
2.892608367650385404e+01
4.608883082720956814e+00
3.606618709664386557e+01
2.583170123814372943e+01
2.205037929288230458e+01
2.998427052108084112e+01
6.651154370834798613e+01
4.055010015351673047e+01
2.953256242014330013e+01
3.708247555345592872e+01
4.188842497335301829e+01
3.013606330703072089e+01
2.460652643284745977e+01
4.773023867306944368e+01
3.752698698631217411e+01
3.996066992255834549e+01
2.762765612720426844e+01
1.929509947214336307e+01
2.347447347499229409e+01
3.948883719104833290e+01
3.908446172296961407e+01
3.343691274986184681e+01
2.505651338971322417e+01
4.435686095781490934e+01
2.992996572669353839e+01
2.873844937033221925e+01
3.856767092609910463e+01
2.704682573319417216e+01
2.228147368250686355e+01
3.023503347280341558e+01
4.573618557730711842e+01
5.478222913658440518e+01
2.716068309771497624e+01
3.047561183865544621e+01
2.276617140411950402e+01
3.169614767568031510e+01
5.655918005619897571e+01
6.575980402025206217e+01
2.946234631615413946e+01
2.795110543223493593e+01
6.577463761318514734e+00
3.503510846537685097e+01
4.332286460102880454e+01
2.697132200847185501e+01
7.774367666189071713e+01
5.399301196920125534e+01
3.610793676624520288e+01
3.369520526385665704e+01
3.363014592165384897e+01
6.278090784884915365e+01
4.308840778916324155e+01
4.012987275393897590e+01
5.310419693374152672e+01
4.630791314449386675e+01
5.188737422520787135e+01
2.886745334606352031e+01
4.214251818741941946e+01
6.378051596665599021e+01
2.912589004040425067e+01
2.958019670769160570e+01
4.255987644777724910e+01
3.328826650248220176e+01
2.643460282966628938e+01
2.808418600425327227e+01
1.977911631547967275e+01
5.768922798001387520e+01
2.972430924544894282e+01
3.313690396547139017e+01
4.460341460992162865e+01
2.079581028050727554e+01
3.373028349042798624e+01
4.165857418185479588e+01
3.211589278038474760e+01
2.370569118367460959e+01
2.531868229492898337e+01
-6.046649928352697323e+00
3.378848635970182102e+01
4.497755437772729437e+01
2.617066030222297002e+01
3.381998180296744749e+01
2.869540613725513367e+01
3.734190788426035823e+01
4.083829170667625164e+01
2.459579874658773946e+01
4.914047500050848072e+01
2.806254075826995376e+01
2.822336465422898044e+01
5.171274533275128960e+01
1.654965035380033811e+01
3.795922859575390618e+01
1.751298276459817771e+01
2.801073687912399990e+01
4.564419448551187308e+00
3.361292063366353489e+01
3.093777284739702793e+01
3.685295603046694168e+01
2.497877678924967171e+01
4.518963122999063131e+01
2.443536060850627223e+01
3.056880525282770122e+01
1.980799249971215303e+01
2.195233991086012892e+01
4.310679070320171746e+01
7.147988170519847984e+01
5.635743176304760738e+01
3.070372101756777994e+01
4.791251699282914700e+01
2.473032858104554066e+01
3.071825089057488611e+01
2.827950409001103438e+01
2.144454091520959338e+01
2.571102287347584081e+01
5.322462050603318318e+01
4.608737835311988107e+01
3.324604553967073883e+01
2.044322711001231241e+01
2.446061837875182832e+01
2.612004032611230997e+01
4.199477832725792581e+01
3.834305393411415963e+01
4.103777283226490624e+01
3.652495527530736297e+01
3.193329738778787785e+01
2.477007979879347133e+01
2.731487267916251938e+01
6.231224654215816372e+01
3.164726663666134954e+01
3.210329404061252490e+01
4.170238797872105607e+01
5.035672755841820702e+01
3.648781395044977671e+01
4.070754562120652764e+01
2.249830250697555201e+01
3.264186802395495590e+01
2.544747053559513006e+01
3.534039752621122688e+01
2.882668174816596007e+01
3.028812286973927925e+01
2.660603742093421431e+01
1.867699498967524363e+01
2.027357300871007695e+01
4.612567530029362928e+01
4.286799733121122102e+01
2.571463390153321882e+01
3.283369787764925718e+01
2.080573026505534884e+01
2.081454395890578368e+01
3.250899281247544081e+01
2.382802512446536980e+01
5.878763490799596525e+01
3.788705398682601100e+01
1.946131305724168215e+01
5.979056917474125754e+01
5.090444539434247240e+00
3.919546078014663948e+01
5.922341346714970456e+01
2.426760494693107972e+01
2.587725863700440954e+01
3.373337292363836326e+01
2.736847921963371988e+01
1.665874179102386421e+01
2.725723592648959226e+01
3.537159692198400052e+01
2.646569435049963914e+01
4.556310973102288386e+01
1.643400627407601178e+01
3.061792011623813181e+01
3.439931888727338105e+01
3.647824005528801194e+01
4.237130505250815560e+01
1.854910373057551709e+01
6.679232426791816124e+01
2.549493461024048457e+01
3.801910813811322498e+01
2.045630669479232822e+01
3.311115593581276073e+01
1.973820733471634270e+01
3.168315038262525007e+01
2.313251706026089138e+01
2.341401154899305226e+01
4.185917422463950288e+01
6.886495220524254535e+01
4.109963160334582000e+01
4.028857248425371296e+01
2.328187265672277206e+01
3.223122760444255874e+01
5.315479264494735645e+01
5.517539400977988606e+01
7.830303657709494303e+01
3.682033838001056125e+01
4.742702291816372195e+01
2.067599974565631626e+01
4.704214322785568214e+01
5.197538321506119274e+01
2.109213677628740413e+01
2.913745301296868107e+01
1.202425871608444297e+01
3.262273471519173285e+01
4.176986022673593624e+01
4.240431474143857571e+01
4.703244599390922787e+01
1.705539901613006748e+01
6.816849301074617529e+01
4.185249296585430301e+01
3.020321184509509749e+01
2.272269088196936337e+01
1.474070070087702078e+01
4.249011719522167851e+01
2.882782137675177836e+01
2.449891876975544136e+01
3.894436515222937345e+01
3.925890083008052045e+01
3.545971775891506184e+01
3.013039607381761797e+01
3.802949531682104833e+01
3.115106812899315258e+01
2.473869126000895236e+01
3.704981429271064997e+01
