2.681761361860288062e+01
6.110286857370253699e+01
4.936373216995637847e+01
2.091919962506305453e+01
3.119217196189499930e+01
3.540745333591750921e+01
5.590256281815133832e+01
4.099772438706698807e+01
2.144395509483829088e+01
5.739415469408146464e+01
4.011395746477199253e+01
3.494003275841693323e+01
2.945743698130453936e+01
2.710209170075314944e+01
3.932256710762123930e+01
6.141969990621223019e+01
2.060600128167843081e+01
3.730636549401974378e+01
2.726954615859346376e+01
3.425629475219290043e+01
3.309925347069064827e+01
3.033575532765154747e+01
2.449305394133560299e+01
6.697877281313330933e+00
3.382286938325491121e+01
2.433566424247604232e+01
6.082421354543743064e+01
2.726708818712645055e+01
1.912159242760774447e+01
3.717188946402378491e+01
4.085086579123150585e+01
5.861424856060473587e+01
3.957146485278683201e+01
8.239967441476604648e+00
2.726761969843357747e+01
6.108910130637692504e+00
2.675300131842599427e+01
1.815399576922253999e+01
2.434771161354667157e+01
2.259494589406232024e+01
2.895638821662045714e+01
3.073342352986226800e+01
4.005973883077391662e+01
2.917953817364291424e+01
2.680211192282372679e+01
5.150722933715772456e+01
3.925354905903105163e+01
2.360360739586309364e+01
2.028847678077292827e+01
3.578165037830783746e+01
3.689307474872642700e+01
2.746380801915780623e+01
2.727446108170291694e+01
4.073638522008563712e+01
5.991837640134033904e+01
3.983392884006538281e+01
3.035350810192534610e+01
4.799551609897367399e+01
2.657001003747691925e+01
3.868169945648235597e+01
4.951369546374469621e+01
2.442929028129733027e+01
4.407020302345575402e+01
3.682518334931693005e+01
5.535274335868384554e+01
3.735703170652138283e+01
3.020709314713413818e+01
2.922825809226629445e+01
4.124848641899342283e+01
5.660994388504175845e+01
2.756659476074222681e+01
2.737479115084529013e+01
2.147399099509945941e+01
2.676841690061997880e+01
3.080633286586287412e+01
5.387670787019860796e+00
2.392933260048650368e+01
3.440504139996410515e+01
2.945853590325586069e+01
5.863323967123820069e+01
3.116477169694795890e+01
2.108276904542962882e+01
3.244586136654607600e+01
2.308262637562404507e+01
4.192311253766914092e+01
4.010810316407881970e+01
3.657523576061834802e+01
6.589597731635672062e+01
2.737696871707701263e+01
3.068969248454066090e+01
6.450992607273656176e+01
1.939283235985539022e+01
4.556016221828070201e+01
3.592189990240217412e+01
2.483037193360630113e+01
2.726750293654486867e+01
6.307852759677032140e+01
6.154291164136510162e+01
2.703728931488318921e+01
1.429506531748700482e+01
2.809804832287863263e+01
5.466084758604956306e+01
4.107785217240633813e+01
2.856760537077671813e+01
3.123322247441871724e+01
4.249636613807162178e+01
3.497569644041294623e+01
2.835765424576976201e+01
3.290509655457081095e+01
1.261526344969661473e+01
2.728379545113696381e+01
3.321520714873260971e+01
6.465340637147366287e+00
2.996896700616377984e+01
2.776556779092952354e+01
2.475670739793545749e+01
3.731696355629281925e+01
2.961302606232560919e+01
1.089857484754255879e+01
5.889082008370175458e+01
5.696040169289000943e+01
4.167203729020798875e+01
2.131132910796084445e+01
4.235165019871458725e+01
2.546579461614271267e+01
3.773108499285758910e+01
4.079243729625867587e+01
3.527518566387588095e+01
3.334627214151451824e+01
2.742446285179941157e+01
4.570218556334027227e+01
2.706492420033081103e+01
5.256118051063624819e+01
6.536094319767735783e+01
3.444533888050771964e+01
2.348126578868380676e+01
3.510884996844924899e+01
5.218245001913235370e+01
2.449738902017941911e+01
3.570055642059258361e+01
1.679052844452025539e+01
5.031022222560280532e+00
2.889078440082574417e+01
2.802169974607361524e+01
2.726718396301884795e+01
8.873402750935220240e+00
4.098108060935136621e+01
3.240177064255796324e+01
3.884784660668572087e+01
5.360673532767705041e+01
3.060122155928022636e+01
3.688201771067538459e+01
3.025191108441742216e+01
2.727110473196195173e+01
3.993373846485273759e+01
3.494402235486987252e+01
6.295599291403922138e+01
2.802271187668728913e+01
4.463689160089673180e+01
6.137684197886188286e+01
2.044265411280031586e+01
3.613386517464260805e+01
5.553489370003818948e+01
6.637359207892586710e+01
1.391416963345440649e+01
5.613720082968189473e+01
6.152186509236918255e+01
4.135548232868583796e+01
3.032502835917983219e+01
5.944439090911895107e+01
2.756727581939116334e+01
2.474521881329491180e+01
2.215063319433607347e+01
4.009435327492242607e+01
4.988109597627342140e+01
2.167258370288637082e+01
5.793778913745406101e+01
2.127149601084639841e+01
2.010067534755163265e+01
4.777477913097770035e+00
2.981042213851354816e+01
6.011643404961231596e+01
4.020771131643658691e+01
3.049164361733954820e+01
2.708860061036943989e+01
4.139994249349591371e+01
4.169138498057413500e+01
2.099382264759781069e+00
2.682466225455975462e+01
4.187687664113406782e+01
2.727709607182409002e+01
2.688771352926630342e+01
4.011209631885364502e+01
6.384597738903539721e+01
4.506873497942800810e+01
6.384597738903539721e+01
5.634484288104864191e+01
5.368333872048452804e+01
2.837569257856226557e+01
2.888903982331913411e+01
4.163745528393285156e+01
2.888814610806890215e+01
2.728177727270434616e+01
2.737188079996824186e+01
2.690371068192888160e+01
2.118900291917132961e+01
2.734191537478223211e+01
1.931080756569704704e+01
2.417558375938929061e+01
2.708346143967843034e+01
6.553330999018726288e+01
5.739135472351942724e+01
3.647929791390733101e+01
2.680074880911451629e+01
4.299547474624818477e+01
3.764227371164444236e+01
4.010268552319605107e+01
5.139017930060899175e+01
2.915040706019177463e+01
2.365209112842668304e+01
1.647272499739625573e+01
4.940836649485582655e+01
3.584479616084347953e+01
3.833365735733683977e+01
3.069195873592720147e+01
4.005773964846763846e+01
3.318559781474432668e+01
2.654641047320605196e+01
5.681174348818759512e+01
3.953219594948870963e+01
2.958144433075498725e+01
2.728742031046788696e+01
3.463811299348901684e+01
2.680379164107140255e+01
2.122229405713053296e+01
3.646872733283846912e+01
4.215326117622379343e+01
2.882021689808967935e+01
2.711988299379678580e+01
4.011342462051047164e+01
2.987380092077413352e+01
1.915733949601695230e+01
4.096528310767850201e+01
2.622683504284732692e+01
2.383707003414203385e+01
3.638720827289138526e+01
3.402009253538435019e+01
4.010951778960872360e+01
3.605969094666988894e+01
2.523498061095606104e+01
3.482472981000714896e+01
2.056348886151740629e+01
2.403330278562845734e+01
5.503053575501319017e+01
3.903674581102729491e+01
2.681532463026516666e+01
3.466094241374156582e+01
1.849590138960266117e+01
3.304617851619705249e+01
3.516263944154044907e+01
2.546218570807663895e+01
3.754276234950708613e+01
3.398761592864133263e+01
2.675841147086676486e+01
2.606299202995895925e+01
3.922182420152322635e+01
2.598610286465514463e+01
5.615736487323339077e+01
5.893060685460129378e+01
5.779759844533550250e+01
2.621125205776599287e+01
2.683868408459172272e+01
4.174099966268496331e+01
2.266726288552172619e+01
3.854984639837227434e+01
7.361438725671210825e+00
2.765308585163716870e+01
3.564766085396588124e+01
5.495969327827521056e+01
2.670116025094983314e+01
4.004772936534201477e+01
5.148151884913883691e+01
3.336145880463613622e+01
1.497328490251860211e+00
3.989277846710137965e+01
2.686088777738315514e+01
2.754266979560015827e+01
2.897173817637620274e+01
6.106490372448217130e+01
3.913711407159674849e+01
2.872080086455279258e+01
3.680235552283651401e+01
5.084271523958702943e+01
2.733431701393079294e+01
2.771787845008930162e+01
5.005509307402887487e+01
3.742133578643493763e+01
4.011406243044478259e+01
2.708172168530951396e+01
1.894647755562599656e+01
2.106003528633247157e+01
3.347547866439818876e+01
5.458867328967434673e+01
3.537321859894303344e+01
2.534599808541025467e+01
4.618658503654619096e+01
2.889000464859793382e+01
2.699222162761105892e+01
3.590597583421603645e+01
2.731325916417707589e+01
2.289879702657263394e+01
2.727074067827467019e+01
4.810431362834249569e+01
5.232337478857264301e+01
2.693462256989025150e+01
3.038140072396454627e+01
2.644748667580433832e+01
2.850368415653626286e+01
5.403853536124952939e+01
6.299945811443295440e+01
2.856365532805301655e+01
2.688417482779153289e+01
5.703049109839746222e+00
3.703883503675633193e+01
4.927503059321527701e+01
2.697392368002298113e+01
6.384597738903539721e+01
5.257920074785992881e+01
3.221068664026529405e+01
3.355785844979627797e+01
3.118844879126451275e+01
5.966140308679376858e+01
4.010498009940563691e+01
3.901371487594524723e+01
5.915149783341109213e+01
4.280166209191119719e+01
5.545713404870166841e+01
2.820541594254000728e+01
4.106480803152581416e+01
6.004182004003892814e+01
2.713107149552430997e+01
2.734032832347450537e+01
6.384597738903539721e+01
3.152179023584879758e+01
2.695892813526809562e+01
2.913299412472922256e+01
2.105147903888162375e+01
5.702580707060677412e+01
2.952766779082659454e+01
3.349640942803838328e+01
4.437264408317744824e+01
2.766839153490122527e+01
3.496797616078281123e+01
4.181283093418037566e+01
2.731618065380596860e+01
2.656776292948255502e+01
2.676851076505317906e+01
3.034928050623324491e+00
3.485846312197141117e+01
4.769184137394222489e+01
2.690859370252905336e+01
3.244624682210702815e+01
2.678485091716710542e+01
4.009826320181429082e+01
4.165662814890529830e+01
2.596881059330430475e+01
5.545509139317325520e+01
2.729663045895869189e+01
2.708014561918900398e+01
5.690784564444474825e+01
1.545664508047291363e+01
3.728121738819955766e+01
1.877405234758693808e+01
2.682477401498177016e+01
4.269450254082942209e+00
3.463325071935295796e+01
6.524365352530824680e+01
3.543310802695436479e+01
2.411995055588430503e+01
4.603163440680846463e+01
2.435447757602633345e+01
3.107703861416561253e+01
2.075318731288185958e+01
2.223714568177102890e+01
4.469877000522104993e+01
6.127711872594981202e+01
5.491256891193020095e+01
3.660277708907688776e+01
4.438754431544803936e+01
2.508566597872145110e+01
3.112076092221731827e+01
2.682119811147844501e+01
2.078544396386522664e+01
2.686321152331546358e+01
4.995870554236972083e+01
6.384597738903539721e+01
5.534312066241392358e+01
2.133903506739184408e+01
2.527469766320979261e+01
2.692863951300434167e+01
4.251201309338690493e+01
4.003673932903694777e+01
4.200079309267054839e+01
4.006722353797528058e+01
3.262725025421033109e+01
2.284528855235000222e+01
2.711684400120135052e+01
6.134833275268493225e+01
2.815624001946298804e+01
3.119240461188000069e+01
4.138133701466738046e+01
4.756078567613131014e+01
3.797838385447492016e+01
3.243746493862201419e+01
2.075306101699718297e+01
2.761350065005345300e+01
2.774615238393031547e+01
3.320047673985716585e+01
2.731263116158850224e+01
2.880831675866848229e+01
2.692850993972250961e+01
2.103259606014810501e+01
2.083754892849350071e+01
4.395924840737357897e+01
4.592580508524351757e+01
2.676426470719350803e+01
2.869711515772564425e+01
2.150587541053286600e+01
2.089977607475021060e+01
3.163101564999025328e+01
2.699202537814149849e+01
5.594772940998623767e+01
3.723764760472261059e+01
1.927973850725564020e+01
5.703309503172894779e+01
6.691049124712641571e+00
3.973073258543148967e+01
6.142422838753881820e+01
2.382680903462322775e+01
2.676574292684549050e+01
3.658033353684521671e+01
2.702822585512716458e+01
6.693132272974537500e+00
2.704280783933564081e+01
3.520881633152608003e+01
2.702991587671051121e+01
4.596187983863553939e+01
1.266408465020504082e+01
2.825625981236391837e+01
3.086767005001589581e+01
3.455814740139955177e+01
4.820757794438727473e+01
1.484396459533505208e+01
6.147822380726515235e+01
2.552451746139736244e+01
3.912864029861440684e+01
2.104502076326026483e+01
3.130261935563452980e+01
2.203425237364125877e+01
3.134218312303414677e+01
2.417301731995847547e+01
2.679018431341498285e+01
4.352481409232265719e+01
6.449592085458601787e+01
4.011250416262458174e+01
4.271447623228351631e+01
2.679250178418364214e+01
3.275417991201886281e+01
5.017952386452572711e+01
5.704910600612645766e+01
6.384597738903539721e+01
3.734966324080187405e+01
4.700094790473724515e+01
2.076849500839943019e+01
4.557716111681938997e+01
5.271811899811370949e+01
1.980903171903307580e+01
2.894286527808457876e+01
1.690212005011617435e+01
3.267597871996523651e+01
4.011017810538371720e+01
4.279766293187748261e+01
4.426773977120469539e+01
1.877455149687023095e+01
6.622539671570120845e+01
5.266004292809515874e+01
2.980357021468170586e+01
2.751268456516617533e+01
1.727941891677843955e+01
4.100799635799354803e+01
2.936007871419658954e+01
2.462657572723408350e+01
3.807412192679164775e+01
3.924263933897752565e+01
3.492467648333347086e+01
3.206570405585402028e+01
3.610160834227230708e+01
3.143665022424972122e+01
2.678000765841934694e+01
3.828975304459304141e+01
