2.610441171511411085e+01
6.186388405348191100e+01
4.966298574906602425e+01
2.127902967253065469e+01
3.158745461993839854e+01
3.533172236616883310e+01
4.530800311965867877e+01
4.078939653632187401e+01
2.215315264850519839e+01
5.833690112148269691e+01
3.973943386441067105e+01
3.509010332247271435e+01
2.996675732925268676e+01
2.723387226851210130e+01
3.838113288043109605e+01
6.156585643147400333e+01
1.986387336988195784e+01
3.678650979377835029e+01
2.865901231646785163e+01
3.421040925738998340e+01
3.358345253062179836e+01
3.050755310985550750e+01
3.635999093338614330e+01
6.147025535108241456e+00
3.360709897273045499e+01
2.437399847513324858e+01
6.043170443006965797e+01
2.717411958427692298e+01
1.898319486808395595e+01
3.638462220728752072e+01
4.097159396755159833e+01
5.620511843276585751e+01
4.317380471530486830e+01
8.691055321291969449e+00
2.700109019258161425e+01
6.469968527933815494e+00
2.484693793916176219e+01
1.761858601078022701e+01
2.432562700997573302e+01
2.284250393696129322e+01
2.999605135133834466e+01
3.184808955068842806e+01
3.833888469121689013e+01
3.068370362808491336e+01
2.572463778958194780e+01
5.090390526198098087e+01
3.793878645578729447e+01
2.334742111032664980e+01
1.975779974129224570e+01
3.518547880894584523e+01
3.827927599547547288e+01
2.813695356690126914e+01
2.806906377801715280e+01
4.268589902334497310e+01
6.118380092538973258e+01
3.860452648760315242e+01
3.062814516680100496e+01
4.781098037377955734e+01
2.394796763174417720e+01
3.769495059106998269e+01
4.680237696772383060e+01
2.403810756670054616e+01
4.409394114167844236e+01
3.592501992655004983e+01
5.509112737929171999e+01
3.653624366055305472e+01
3.083496379363714368e+01
2.995255601249914434e+01
4.025965020520629878e+01
5.446465745186287677e+01
2.789264208077707963e+01
2.817279733260056673e+01
2.240633623348946912e+01
2.520501971329213120e+01
3.061497934017336320e+01
5.542100490645570865e+00
2.379117931110738482e+01
3.841026781208347529e+01
3.084623006716174132e+01
5.738354456203796872e+01
3.159918648247912643e+01
2.188071900802810887e+01
3.230769384739232919e+01
2.375086998763481461e+01
4.208979213411356568e+01
3.953108680481295778e+01
3.572778942242621270e+01
6.657516511257017555e+01
2.701088596676709130e+01
3.138151908458348771e+01
6.705698252823822259e+01
1.991587166965473443e+01
4.457021275840315866e+01
3.591908776265699998e+01
2.454970327411064090e+01
2.830886622625985183e+01
6.117714858596445993e+01
6.359665567956938048e+01
2.660071971460828166e+01
1.336524327795428491e+01
3.072610738246294204e+01
5.305034834864491700e+01
4.259864336273722074e+01
2.962008009808960196e+01
3.144525797934693401e+01
4.225596963635996417e+01
3.522726572532701539e+01
2.860713904540892827e+01
3.213686151782167144e+01
1.423329563945299014e+01
2.606221995025407523e+01
3.247556727760093054e+01
6.661939538749084733e+00
2.995047554938082612e+01
2.640872031456092373e+01
2.359748907567700371e+01
3.685174514539517077e+01
3.071254263936293682e+01
1.197169507208127470e+01
6.174624824628699571e+01
5.410902497859206051e+01
4.264672523796980386e+01
2.243327069312964994e+01
4.369658529878779518e+01
2.458475789287604130e+01
3.712280960594807766e+01
4.100654696111928388e+01
3.520720775638255873e+01
3.391419402457540855e+01
2.796089227529500931e+01
4.678154215464019217e+01
2.684639257994345485e+01
5.113933389549248432e+01
6.670492550143299582e+01
3.388944555172625428e+01
2.306993565985158057e+01
3.507849046903857015e+01
4.921971492106968071e+01
2.713760235474910587e+01
3.613430774724838557e+01
2.979687980748713017e+01
4.904029744418039627e+00
2.914645977962209145e+01
2.879142489103481495e+01
2.847912291299871868e+01
9.542925418466893461e+00
4.245049537561135367e+01
3.662659626896493137e+01
3.806227172158287431e+01
5.238926380270049776e+01
3.116158177295278620e+01
3.713174834579695016e+01
3.149244620524405036e+01
2.812250401304481784e+01
3.846766835377638927e+01
3.382627675393450772e+01
6.575483377047351041e+01
2.865942910067315097e+01
4.524464643472856551e+01
6.256851984068566708e+01
2.017070423848690552e+01
3.637897940841139643e+01
5.351871975808745674e+01
6.514016173573145352e+01
2.537474941322579980e+01
5.480659884789929492e+01
6.426275215594367296e+01
4.158108132035704330e+01
3.178500378418539185e+01
5.761136334339761333e+01
2.389913309540133923e+01
2.352949560113484040e+01
2.275273702389915798e+01
3.957420888412889326e+01
4.854596859346384008e+01
2.217230545930578955e+01
5.617804030679155858e+01
2.224435601665277318e+01
1.970207562849110872e+01
4.760807883206192415e+00
3.097146273482940160e+01
5.919459664386647546e+01
4.275577704295028525e+01
3.142715650257628113e+01
2.736010140773874610e+01
4.200092072009829280e+01
4.280867255174962338e+01
2.217088445911278960e+00
2.626641092512682008e+01
4.178064859590358537e+01
2.761835545504072797e+01
2.645211022083731223e+01
3.940272698386525008e+01
6.794237919336595155e+01
4.464387172652149616e+01
6.758967781324031421e+01
3.842683475103694946e+01
5.313240182422350699e+01
2.859303520952562394e+01
2.931161066357890377e+01
4.166081150361924301e+01
2.987027349344316463e+01
2.679206348943625926e+01
2.817993783779502337e+01
2.676591756520156196e+01
2.063339280758100358e+01
2.686708037121366033e+01
1.955716276820294297e+01
2.352690790707129054e+01
2.795083043560231317e+01
3.931226685782894492e+01
4.651999311451800168e+01
3.616662437318336742e+01
2.570187464650916809e+01
4.296100174748698919e+01
3.670025270446376453e+01
3.915369053624999651e+01
4.990526550627532743e+01
2.905605903340517671e+01
2.326031634236778700e+01
1.486620296311957645e+01
4.821265257363006640e+01
3.516142901670536958e+01
3.776893148193084926e+01
3.197936574148661748e+01
3.864276378403883427e+01
3.373277856142760811e+01
2.505131834591884399e+01
5.349412174090332428e+01
4.175240311294328421e+01
3.103278572030103533e+01
2.695443620368041593e+01
3.440473763332920498e+01
2.553563003016648736e+01
2.194995866307777987e+01
3.625765836043865420e+01
4.325716063193976879e+01
2.917733985266590935e+01
2.709484492204207129e+01
3.934960115579383455e+01
3.002060920239668462e+01
1.921040167900854811e+01
4.153111657533008838e+01
2.514050507427846526e+01
2.307959749075700984e+01
3.561996273716772521e+01
3.430912492384413781e+01
3.939173987632511853e+01
3.545290330314136895e+01
2.563969441300287144e+01
3.539354306821405771e+01
1.988455580131449096e+01
2.360745542901097593e+01
5.320068356319166014e+01
3.848849865509691881e+01
2.614259728351316880e+01
3.382920364269375568e+01
1.802984101195397670e+01
3.281438100052400841e+01
3.335709263177704997e+01
2.439378476015008346e+01
3.671065436712160590e+01
3.398705004606654256e+01
2.588098658795024676e+01
2.411523059902731347e+01
3.792386973863972344e+01
2.395462291929652565e+01
5.555456202689356360e+01
5.863020085822790861e+01
5.724551921561305790e+01
2.519548053615471872e+01
2.632602655212394893e+01
4.151037777537567308e+01
2.244660573530370584e+01
3.733458902869949725e+01
8.671678399876938670e+00
2.828785459379277256e+01
3.580952879559481516e+01
5.296296761563883138e+01
2.636003285272454377e+01
3.848541092261439189e+01
5.123550521472134278e+01
3.298810760382912122e+01
1.487792840384439153e+00
4.079686913319164887e+01
2.641544849048364085e+01
2.427047058416064829e+01
2.942939290043932488e+01
5.971454981230564840e+01
3.807431226619479503e+01
3.056700193838332780e+01
3.629680770503318854e+01
4.730296458441443974e+01
2.759385791567638080e+01
2.607888160739094019e+01
4.863002639362639457e+01
3.674215457451737166e+01
4.022166316943344100e+01
2.723539458768178179e+01
1.883185398143342582e+01
2.159413805235359973e+01
3.801580799912335351e+01
4.540533821625285782e+01
3.541631295790784861e+01
2.437398385028245684e+01
4.536699176741490191e+01
2.918183538910921015e+01
2.762323559206174650e+01
3.518827087161366762e+01
2.687875547970884327e+01
2.314014483676783129e+01
2.748762127815280110e+01
4.645577155005594250e+01
5.136842093456747449e+01
2.659168599466534033e+01
3.065827190430911742e+01
2.535242429684464938e+01
2.853086020246564658e+01
5.262578567982407662e+01
6.554102842182317090e+01
2.951475196283900004e+01
2.673160327558161953e+01
5.923042688626080299e+00
3.730262384629168082e+01
4.839007027928528260e+01
2.748893244909368150e+01
6.863431639599215828e+01
5.111929846886690143e+01
3.261334574236889239e+01
3.322068370412739569e+01
3.111761615174327744e+01
5.925643855449396824e+01
4.033901752456830536e+01
3.795145974242984721e+01
5.807987066361420148e+01
4.637034240631692228e+01
5.615489895315567992e+01
2.924500062325205363e+01
4.269061804335706256e+01
5.918997586664687560e+01
2.727927322337455962e+01
2.704413586299051531e+01
4.825912117354164366e+01
3.049801333145705939e+01
2.645279415758227515e+01
3.023574299898973550e+01
2.107288627993716545e+01
5.422025248720495938e+01
2.940630757623881664e+01
3.289940277679488645e+01
4.327653316115220150e+01
2.345209112821612507e+01
3.457330804243247258e+01
4.310127343423846469e+01
2.770516866941488843e+01
2.366023473248060327e+01
2.712865533622971270e+01
2.788596121759485680e+00
3.474467418262884166e+01
4.842543078350718133e+01
2.668758047605700767e+01
3.223612640782539529e+01
2.633931733563804301e+01
4.044373630821792176e+01
4.305083968515282322e+01
2.545036952822556486e+01
5.290015860436415096e+01
2.782400016629981110e+01
2.789288420998468609e+01
5.548059321418622858e+01
1.819233466744481120e+01
3.663565985762193122e+01
1.884825267020681849e+01
2.573436010272689600e+01
4.031548968271543743e+00
3.456676774264906271e+01
3.940036658925237134e+01
3.488850725700535804e+01
2.404870297056413619e+01
5.019712345948209986e+01
2.462858939471516351e+01
3.132706499443884240e+01
1.955441580580711047e+01
2.280735994206963824e+01
4.339603193367020140e+01
6.301330462981154312e+01
5.343695640334851760e+01
3.800495191453956068e+01
4.355070823255604751e+01
2.468830229589684677e+01
3.190760669745213818e+01
2.664999612678002450e+01
2.103685177873236967e+01
2.601494264947120882e+01
5.183748080491204746e+01
5.840440341069916030e+01
4.608279687911272049e+01
2.151719632591448317e+01
2.456235717458951839e+01
2.661475747637160794e+01
4.259338897767156595e+01
4.001881505203346023e+01
4.212385631266351993e+01
4.009273997282434721e+01
3.264910287609382067e+01
2.323583938686942929e+01
2.773460525489932138e+01
6.106748994812346609e+01
2.929757989580684807e+01
3.107617303330675895e+01
4.132931468071183190e+01
4.586606906488761126e+01
3.716122925567924540e+01
4.827294665423687547e+01
2.017971011985419238e+01
3.009041321173208416e+01
2.728863703738898039e+01
3.345931225188144253e+01
2.758313685884877486e+01
2.912227092744205947e+01
2.611047678738907507e+01
2.050494922192706326e+01
2.105439648524241392e+01
4.628191645906917984e+01
4.572888600786791358e+01
2.591956134453266714e+01
3.018980255734823004e+01
2.163044863304094179e+01
2.072710870104344849e+01
3.234494273955351673e+01
2.598980769048062101e+01
5.394254059315807126e+01
3.651380897528332525e+01
1.904768690813398280e+01
5.604789065708644102e+01
6.549999231585019288e+00
3.943446840322576463e+01
6.154155002001334651e+01
2.392659738470842967e+01
2.505835852416771559e+01
3.617878588366147596e+01
2.762784623713514520e+01
7.837798014792497270e+00
2.723951503836872234e+01
3.463151161274981860e+01
2.715272897953713027e+01
4.444232146253125393e+01
1.178128049144288525e+01
2.926011333693850247e+01
3.201969946179269755e+01
3.412627426347728488e+01
4.680092236592463451e+01
1.867183894463232718e+01
6.338158229228122309e+01
2.497473313310732124e+01
3.837377785669377772e+01
2.041689600032702856e+01
3.162012740986892823e+01
2.158433120242898440e+01
3.149925715339201204e+01
2.392178650411733543e+01
2.603343047390080756e+01
4.309771170549174713e+01
6.630455578964182450e+01
3.873657748687901403e+01
4.475994871365401195e+01
2.617211580526782200e+01
3.244501247636264907e+01
4.870077041903341808e+01
5.474301416074899862e+01
6.756663918258712442e+01
3.777582889699260704e+01
4.938223792442295235e+01
1.982692664621856693e+01
4.492287960280805237e+01
5.141297713307199047e+01
2.003077176642545965e+01
2.970550983860994165e+01
1.594113951324766276e+01
3.276885550685619819e+01
4.129449261255422243e+01
4.478350662911543623e+01
4.466066885674726450e+01
1.858696134190131488e+01
6.709200225265311701e+01
5.117131787154357880e+01
3.021345173716599675e+01
2.162054507702123374e+01
1.641919406605711629e+01
4.079296825192705001e+01
3.170302117010578513e+01
2.406274410467369762e+01
3.695959237858963320e+01
3.832974459745582863e+01
3.448638509340980818e+01
3.238337542579756700e+01
3.543047591434583410e+01
3.180942612111203971e+01
2.582735651785333175e+01
3.835448882856871933e+01
