2.584500433112731343e+01
6.193351842970052701e+01
5.046694182308574028e+01
2.113884347866445523e+01
3.122828399541500133e+01
3.520066441016286518e+01
4.643765602624171862e+01
4.079832273663853925e+01
2.206972407581075757e+01
5.847044724932197113e+01
3.960155817696370661e+01
3.497283042150768040e+01
3.006497383748297025e+01
2.706436742589133715e+01
3.862813109496961772e+01
6.213671741084503708e+01
1.955745777592736090e+01
3.692058094051941453e+01
2.825697351289524661e+01
3.414966408080487525e+01
3.368846899735103761e+01
3.032830023955528986e+01
3.337664650981379566e+01
5.590696210200178484e+00
3.330345117725440929e+01
2.423935743851959046e+01
6.072074746063007922e+01
2.751467667693792762e+01
1.866540017763605519e+01
3.679359507113816363e+01
4.105117871517167316e+01
5.675433332026516098e+01
4.269652782335013796e+01
8.372017326748885324e+00
2.656794191296588181e+01
4.960456164216630270e+00
2.469293544620258984e+01
1.720586045124527530e+01
2.417274676435222247e+01
2.251108673280049288e+01
3.010660704212743966e+01
3.196468378551857015e+01
3.853751460005507568e+01
3.040373082733381693e+01
2.573619407183875651e+01
5.120645564163126551e+01
3.832404447565301098e+01
2.321272018790660141e+01
1.946384098676046293e+01
3.543192947456712005e+01
3.725207781541923424e+01
2.811485391601360817e+01
2.791243167384834223e+01
4.233329100590613336e+01
6.172747992960915298e+01
3.868563906247354112e+01
3.058815138167403447e+01
4.825408707172262979e+01
2.363258142796795269e+01
3.786254205454545030e+01
4.676448599444910315e+01
2.382949675366212006e+01
4.422914372276349582e+01
3.622653085861730915e+01
5.554386691915153307e+01
3.708919594935371578e+01
3.045120123649417465e+01
2.986733491875673963e+01
4.048762118511387342e+01
5.485633954588298877e+01
2.784589757052782133e+01
2.809310960024497206e+01
2.213004115661393811e+01
2.475127714213860841e+01
3.070708256015461046e+01
4.885492324622866533e+00
2.366064472037324506e+01
3.728463531355277638e+01
3.084469609254650990e+01
5.796603102477847358e+01
3.158862820288051054e+01
2.171677940371076687e+01
3.238855179606961343e+01
2.349795098292960205e+01
4.242909737343572374e+01
3.964123236088105529e+01
3.607464019197527705e+01
6.979598090242909336e+01
2.654679712309556905e+01
3.119970406999227208e+01
7.067316762149773979e+01
1.897396906931168559e+01
4.488332783498533729e+01
3.573764755144646443e+01
2.427343602604932826e+01
2.794815647185013674e+01
6.317607016539256648e+01
6.435188559540557662e+01
2.638568261197229603e+01
1.279555373718520705e+01
3.031786695252751684e+01
5.369395421145148362e+01
4.268770096159934724e+01
2.956087843848663255e+01
3.167496701586449603e+01
4.238773604095305103e+01
3.520039477927686988e+01
2.860963241424571635e+01
3.219182420888832752e+01
1.393362027103593626e+01
2.604246687812815608e+01
3.254759655067663715e+01
6.166521842063897196e+00
2.980929646049073867e+01
2.628273545908225728e+01
2.440371219829888361e+01
3.692065118218742725e+01
3.067326022976365962e+01
1.110752458054442648e+01
6.445921736819103387e+01
5.532948394630345490e+01
4.245852020552192130e+01
2.233891812259858511e+01
4.368363960591364048e+01
2.417689626562661331e+01
3.721889871139668315e+01
4.110193455812536456e+01
3.509728660144109824e+01
3.360359141784681469e+01
2.792317804020348504e+01
4.691692736167935607e+01
2.670658842866993865e+01
5.180751237145027233e+01
6.959285506276347633e+01
3.430978666049661996e+01
2.295765958011662278e+01
3.500861003341238131e+01
4.980823428465239999e+01
2.548892901737237437e+01
3.577837479853383940e+01
2.663276323232059539e+01
4.249438992356142641e+00
2.885683931944291913e+01
2.892307676469846456e+01
2.841537389266740732e+01
9.263005507573200958e+00
4.223422652878598171e+01
3.591321718636482530e+01
3.782736857192032431e+01
5.284025674249914317e+01
3.118597853230133765e+01
3.623997589500010719e+01
3.089504582274286903e+01
2.804184179936530086e+01
3.805406803440085639e+01
3.378830989430350229e+01
6.805584447515863644e+01
2.846613194772060851e+01
4.529050337879336041e+01
6.300470837784434508e+01
2.000596548974131039e+01
3.573514592051106575e+01
5.415946253404742095e+01
6.863969851161910185e+01
2.299313096099072240e+01
5.544834093417511411e+01
6.530686016709401542e+01
4.101638751075005018e+01
3.140985793412441041e+01
5.793710016983509092e+01
2.539188404357436113e+01
2.328935633824038831e+01
2.262357399458585405e+01
3.942675288723739868e+01
4.907076040267416772e+01
2.187516892497049170e+01
5.670944506102147642e+01
2.210028392409571651e+01
1.929647938254663231e+01
4.109503036983454649e+00
3.037448493899945134e+01
5.933483049086287764e+01
4.267645343481031261e+01
3.152512454450944190e+01
2.728297755454196150e+01
4.201890287450486028e+01
4.275035999234700768e+01
2.145291831566159768e+00
2.610154673908413869e+01
4.194444600721195826e+01
2.731328975815601368e+01
2.632761754963397038e+01
3.912397165642404673e+01
7.139354138194279642e+01
4.504649412306660139e+01
7.131512028585771645e+01
3.662229847673352623e+01
5.389248139936290727e+01
2.836543332976405196e+01
2.923974653072458096e+01
4.161882978410714173e+01
2.944485705043566171e+01
2.648627023358350385e+01
2.805391224658139748e+01
2.654899297982775508e+01
2.042673189079333085e+01
2.672169434855461034e+01
1.911530085946387558e+01
2.326018136036802275e+01
2.793163200653806655e+01
3.726484750444394933e+01
4.821543192399792588e+01
3.572781015846422292e+01
2.549684525340073549e+01
4.309053562210165467e+01
3.681250952147591704e+01
3.915629901636269494e+01
5.063527960156995533e+01
2.911902696534332691e+01
2.306252571863580414e+01
1.420925703914733340e+01
4.878509492856286300e+01
3.492652709148315182e+01
3.778959275542190710e+01
3.179768439440424999e+01
3.824171636663490403e+01
3.384220349825421437e+01
2.476509705366994396e+01
5.415735824928016484e+01
4.131123389956768932e+01
3.064491405119614598e+01
2.664527262068888547e+01
3.455759495279472304e+01
2.537716015829167304e+01
2.172675369953005742e+01
3.630379332910890611e+01
4.344203028514030507e+01
2.912582464634775548e+01
2.687222255346995681e+01
3.947944468696449150e+01
3.014852258990469736e+01
1.870007651021052553e+01
4.115155244838770443e+01
2.497715188282031917e+01
2.299548977685100581e+01
3.618946185921976877e+01
3.431629088989016907e+01
3.943892721146142577e+01
3.563973101398574528e+01
2.523585653655655037e+01
3.510157392030183132e+01
1.961266874942952398e+01
2.349922457172876022e+01
5.355647406276620615e+01
3.843237318811864611e+01
2.597096983891148980e+01
3.404293691066038008e+01
1.772114880521644764e+01
3.275707920885025004e+01
3.453528304275970129e+01
2.416756260524907773e+01
3.697731234118047183e+01
3.409430179548544260e+01
2.552571278214005801e+01
2.401441564234059456e+01
3.796567617472648948e+01
2.415506501678806117e+01
5.613567428427898420e+01
5.951531872566907566e+01
5.775423835202523293e+01
2.477733651373273460e+01
2.606818984925937599e+01
4.102477896342875141e+01
2.236059563027375319e+01
3.740695490159164649e+01
8.471784016411318063e+00
2.813912480481407385e+01
3.561170753493303209e+01
5.348789754509925132e+01
2.623027077745749125e+01
3.806016003513148149e+01
5.176876714546516922e+01
3.374567139257126058e+01
1.397971789281822863e+00
4.024934584025229611e+01
2.629776430752776406e+01
2.465605810501424600e+01
2.938950035325210308e+01
5.977310912315260083e+01
3.825258619491771839e+01
3.026017200455352452e+01
3.668485005863411175e+01
4.751463237983333698e+01
2.731354280289989944e+01
2.602195711416694124e+01
4.882471044502685231e+01
3.674095929489132573e+01
4.034079845052296776e+01
2.712497820161299344e+01
1.841827966597823263e+01
2.148755255712861967e+01
3.564033541859721765e+01
4.728988805844088006e+01
3.535068001586083852e+01
2.416374718800103594e+01
4.572496008680879243e+01
2.919266071269633045e+01
2.750590462616969845e+01
3.541475678365407020e+01
2.668743915561324798e+01
2.306091235168794995e+01
2.671418465763997929e+01
4.635124120150002369e+01
5.219295360572295550e+01
2.641070875835286813e+01
3.075772480799439634e+01
2.519664154202657969e+01
2.837236424760719800e+01
5.323398466857976530e+01
6.764383105494997039e+01
2.954447163763384410e+01
2.654239894647437836e+01
5.284101061671678146e+00
3.708248929665388260e+01
4.866054025896408319e+01
2.751700744053222891e+01
7.232962909636069071e+01
5.179982127297872552e+01
3.254458468001379856e+01
3.337167211953453716e+01
3.056432069530703188e+01
5.965832648589559284e+01
4.060001610380759729e+01
3.823663795039092861e+01
5.830322464635504787e+01
4.663604901427883931e+01
5.639268087533415752e+01
2.913017157735351503e+01
4.281476656221639132e+01
5.941436770048374427e+01
2.714012534999528370e+01
2.644466593056565884e+01
5.188378567861611401e+01
3.054785422219529067e+01
2.632234578946352599e+01
3.013129968773898426e+01
2.086397440153655580e+01
5.477387513120562090e+01
2.955172388688280449e+01
3.284749676920974792e+01
4.347085232709824965e+01
2.471527455226429382e+01
3.469159481525050381e+01
4.292337854633484540e+01
2.719114656696525856e+01
2.367870385429404934e+01
2.661511665479197930e+01
2.742831322066515476e+00
3.467016531420438952e+01
4.888959634779344299e+01
2.649806249709641293e+01
3.239924551175307244e+01
2.588134365951474791e+01
4.014595083026343048e+01
4.298946400717863980e+01
2.498288426557068931e+01
5.339667298105818105e+01
2.749993000505491381e+01
2.780037578524045827e+01
5.572515797002623117e+01
1.839754479380875196e+01
3.677303236743486536e+01
1.860596836814524480e+01
2.549713960871913088e+01
3.611062340640410095e+00
3.473996619418124254e+01
3.780334864403612016e+01
3.508131394042958107e+01
2.396496682639238429e+01
5.033453769731860206e+01
2.458081754200068403e+01
3.135222238447455823e+01
1.897360434177155497e+01
2.260019088194544779e+01
4.358225022296345941e+01
6.344351376682030974e+01
5.388204920981503676e+01
3.880192614256209538e+01
4.391180443979794745e+01
2.442938581604888171e+01
3.153066292498407464e+01
2.630083026447780981e+01
2.087796254378384120e+01
2.583211386038518498e+01
5.201916372723019322e+01
6.408782823801919903e+01
4.829251678092740008e+01
2.126208913987936810e+01
2.434469766600583540e+01
2.647062114499408381e+01
4.265641329257665149e+01
3.977126004370978762e+01
4.210228343534922857e+01
3.983993759623427877e+01
3.208459115044448140e+01
2.301508693991290144e+01
2.764358497579785379e+01
6.123467590142619343e+01
2.865051119193081064e+01
3.118568818596626713e+01
4.148341349578359427e+01
4.642583405368085891e+01
3.720913479875461150e+01
4.846043258080867133e+01
1.981384349720760696e+01
2.940084136443097051e+01
2.603774164481147935e+01
3.366113807893784582e+01
2.739661262531347319e+01
2.897870904866360675e+01
2.596785884647171372e+01
2.022898779222597554e+01
2.099150256542780824e+01
4.597678951084361643e+01
4.602258469916890249e+01
2.565170164178795531e+01
2.962422172822745381e+01
2.099726327328359687e+01
2.050861186696293714e+01
3.138233327572661580e+01
2.564434588330905385e+01
5.457922854529158485e+01
3.690205039721333691e+01
1.893937225804603486e+01
5.640225988948230906e+01
5.992838814797584845e+00
3.922832315019837779e+01
6.195424423141304970e+01
2.366656107872476156e+01
2.489058659820589980e+01
3.610683294853787828e+01
2.744148279019412939e+01
5.220595251684190252e+00
2.707241168484453908e+01
3.514473722392399679e+01
2.704016311527497862e+01
4.449337680463156630e+01
1.067046476558980217e+01
2.918572215000363812e+01
3.130809650146832368e+01
3.450545499443211384e+01
4.693979161258492638e+01
1.871784400085222089e+01
6.406944878568026525e+01
2.478237363926731973e+01
3.829888813689408522e+01
2.024606602102815600e+01
3.162090863903519278e+01
2.200461853454315531e+01
3.167039664409114508e+01
2.366133501502088166e+01
2.582563158001093129e+01
4.335197424595617122e+01
6.891713966722858231e+01
3.866860590166444211e+01
4.458976093142145203e+01
2.602402956462070804e+01
3.266598496940397212e+01
4.939476303708669036e+01
5.529492781649113198e+01
7.076323458180978321e+01
3.721469338892873679e+01
4.971872420324282160e+01
1.935814875271902125e+01
4.513260568928145489e+01
5.212810537675649414e+01
1.979823215815048343e+01
2.958752652793085147e+01
1.543718853406126179e+01
3.275173075969891556e+01
4.094747931524793927e+01
4.445411563948907485e+01
4.503915507729104206e+01
1.811103941807813555e+01
7.015485723793979389e+01
5.151784340549853880e+01
3.013769000807117138e+01
2.216933833262013209e+01
1.595221325974264914e+01
4.081957008333358061e+01
3.071995080884796181e+01
2.387662294797608808e+01
3.735225541210279232e+01
3.846216747971166683e+01
3.461729138676366802e+01
3.248498079380708248e+01
3.578157652452036075e+01
3.192422161753778553e+01
2.567739234344643862e+01
3.791683890061626272e+01
